0011010011001011010010110011010011001011001101001011010011001011
0011000011001111000011110011000011001111001100001111000011001111
0000010111111010010110100000010111111010000001011010010111111010
0000000011111111000011110000000011111111000000001111000011111111
0011001111001100010001000011001111001100001100111011101111001100
0011001111001100000000000011001111001100001100111111111111001100
0000000011111111010101010000000011111111000000001010101011111111
0000000011111111000000000000000011111111000000001111111111111111
0011010000110100010010110100101111001011110010111011010010110100
0011000000110000000011110000111111001111110011111111000011110000
0000010100000101010110100101101011111010111110101010010110100101
0000000000000000000011110000111111111111111111111111000011110000
0011001100110011010001000100010011001100110011001011101110111011
0011001100110011000000000000000011001100110011001111111111111111
0000000000000000010101010101010111111111111111111010101010101010
0000000000000000000000000000000011111111111111111111111111111111
0011010011001011001101001100101111001011001101001100101100110100
0011000011001111001100001100111111001111001100001100111100110000
0000010111111010000001011111101011111010000001011111101000000101
0000000011111111000000001111111111111111000000001111111100000000
0011001111001100001100111100110011001100001100111100110000110011
0011001111001100001100111100110011001100001100111100110000110011
0000000011111111000000001111111111111111000000001111111100000000
0000000011111111000000001111111111111111000000001111111100000000
0011010000110100001101000011010011001011110010111100101111001011
0011000000110000001100000011000011001111110011111100111111001111
0000010100000101000001010000010111111010111110101111101011111010
0000000000000000000000000000000011111111111111111111111111111111
0011001100110011001100110011001111001100110011001100110011001100
0011001100110011001100110011001111001100110011001100110011001100
0000000000000000000000000000000011111111111111111111111111111111
0000000000000000000000000000000011111111111111111111111111111111
0011010011001011010010110011010000110100110010110100101100110100
0011000011001111000011110011000000110000110011110000111100110000
0000010111111010010110100000010100000101111110100101101000000101
0000000011111111000011110000000000000000111111110000111100000000
0011001111001100010001000011001100110011110011000100010000110011
0011001111001100000000000011001100110011110011000000000000110011
0000000011111111010101010000000000000000111111110101010100000000
0000000011111111000000000000000000000000111111110000000000000000
0011010000110100010010110100101100110100001101000100101101001011
0011000000110000000011110000111100110000001100000000111100001111
0000010100000101010110100101101000000101000001010101101001011010
0000000000000000000011110000111100000000000000000000111100001111
0011001100110011010001000100010000110011001100110100010001000100
0011001100110011000000000000000000110011001100110000000000000000
0000000000000000010101010101010100000000000000000101010101010101
0000000000000000000000000000000000000000000000000000000000000000
0011010011001011001101001100101100110100110010110011010011001011
0011000011001111001100001100111100110000110011110011000011001111
0000010111111010000001011111101000000101111110100000010111111010
0000000011111111000000001111111100000000111111110000000011111111
0011001111001100001100111100110000110011110011000011001111001100
0011001111001100001100111100110000110011110011000011001111001100
0000000011111111000000001111111100000000111111110000000011111111
0000000011111111000000001111111100000000111111110000000011111111
0011010000110100001101000011010000110100001101000011010000110100
0011000000110000001100000011000000110000001100000011000000110000
0000010100000101000001010000010100000101000001010000010100000101
0000000000000000000000000000000000000000000000000000000000000000
0011001100110011001100110011001100110011001100110011001100110011
0011001100110011001100110011001100110011001100110011001100110011
0000000000000000000000000000000000000000000000000000000000000000
0000000000000000000000000000000000000000000000000000000000000000
